[11]

(3 1){
1.0
2.0
2.0
}

(3 1){
1.0
2.0
2.0
}

(1 3){
1.0 2.0 2.0
}

(3 2){
1.0 8.0
2.0 -2.0
2.0 1.0
}

(3 3){
2.0 1.0 5.0
4.0 4.0 -4.0
1.0 3.0 1.0
}

(3 3){
2.0 4.0 1.0
1.0 4.0 3.0
5.0 -4.0 1.0
}

(3 3){
1.0 -2.0 4.0
9.0 1.0 0.0
1.0 -1.0 1.0
}

(3 1){
14.0
4.0
9.0
}

(3 3){
30.0 -8.0 10.0
-8.0 48.0 12.0
10.0 12.0 11.0
}
(3 1){
1.0
1.0
1.0
}

(3 1){
0.09375
0.26562
0.10937
}
